  T90    e_T90
5.376  2.360
40.192  1.145
59.649 11.276
7.872  0.272
36.609  2.985
16.128 17.887
16.128 17.887
58.369  1.985
0.192  0.345
42.817  0.659
379.397  2.202
25.920  1.208
0.960  1.292
89.089  6.476
17.408  6.229
13.312  4.222
0.576  0.091
26.240  1.691
501.830  6.476
24.704  1.460
29.440  3.566
65.665 14.676
2.304  0.453
75.777  4.185
19.072  0.181
4.352  0.832
17.728  1.489
211.970  6.557
28.160  2.896
107.457 15.413
15.040  0.462
0.832  0.320
64.769  1.810
4.608  0.453
60.289  0.466
4.416  0.363
59.329  8.749
13.376  0.410
5.888  0.264
43.457  1.717
7.424  2.005
20.992  0.231
3.008  3.329
7.680  0.377
40.896  5.069
0.576  1.168
74.497  1.243
17.344  1.385
0.960  0.345
26.624  2.896
105.984  6.802
2.875  0.767
16.384  2.896
41.217  7.281
62.977  0.810
46.337  7.173
0.512  0.405
113.921  3.125
39.937  4.222
31.744  3.167
45.313  3.083
14.336  4.007
50.177  3.692
6.400  0.923
3.328  1.305
150.015 12.892
41.345  0.264
176.191  2.127
1.216  1.748
30.721  5.615
28.416  2.757
26.112  3.974
17.152  3.727
0.832  1.282
56.065  2.064
0.640  0.264
22.528  0.724
13.312  1.280
9.984  9.051
0.128  0.091
8.256  0.889
1.728  0.231
34.817  2.415
1.280  1.368
1.664  0.234
58.369  5.221
11.776  2.573
0.576  1.350
0.320  0.653
20.736  1.379
0.320  0.680
25.344  0.923
41.985  8.510
23.296  2.111
0.192  0.091
19.456  1.086
9.280  0.607
54.145  0.923
62.657  7.318
2.240  1.002
45.569  3.908
7.424  1.846
0.192  0.286
24.576  5.724
7.936  4.382
22.528  2.919
97.282  2.347
0.192  0.143
0.256  0.286
5.568  0.143
7.680  2.064
0.768  0.429
29.696 12.892
29.697  0.410
18.880  2.318
0.576  0.143
16.448  1.159
41.217  5.667
0.832  1.032
65.793  1.619
0.192  0.143
0.768  0.724
0.768  0.724
0.512  0.272
28.736  2.611
108.802  1.619
26.624  0.810
18.432  2.896
0.704  0.143
0.192  0.143
1.728  0.820
58.369  4.783
14.080  5.126
17.408  3.238
27.264  1.286
75.777  3.238
15.552  4.580
1.856  0.181
5.632  0.810
0.960  0.231
16.640  3.328
35.073  1.056
12.608  0.345
0.320  0.143
24.832  3.899
20.224  6.192
33.280  0.724
0.448  0.272
17.408  3.238
2.176  2.833
16.189  0.831
1.280  1.026
0.448  0.143
7.936  1.379
23.296  2.064
2.816  0.923
1.856  0.580
27.904 14.857
29.440  1.810
1.664  0.286
56.513  5.146
116.930  1.056
10.240  1.557
54.785  2.202
2.368  0.272
7.936  1.296
29.184  4.536
135.170  1.448
16.128  3.208
14.080  1.379
61.697  1.810
0.192  1.032
73.473  1.717
0.832  0.143
14.848  1.846
0.448  1.498
30.337  2.796
21.501  3.237
14.336  1.086
0.896  0.264
32.513  4.360
0.320  0.405
166.915 11.723
9.216  0.362
7.168  2.415
14.144  0.264
75.393  2.450
16.128  5.152
7.488  2.496
1.024  0.362
12.288  1.280
3.968  1.506
31.489 11.846
14.336  4.007
0.640  0.466
66.048  1.619
283.844  2.463
0.960  0.138
7.424  1.717
7.616  1.605
25.280  7.146
11.776  2.064
43.521  1.739
  2.240  0.286
 54.401  4.077
118.018  4.028
123.074  2.896
 14.464  3.093
  2.048  0.410
  6.784  1.000
 91.329  3.692
 74.177  5.177
  0.768  0.834
  3.776  0.923
 30.657  0.859
 20.288  6.262
 54.337  0.870
 35.905  2.187
 79.041  1.088
  3.072  0.362
  9.853  0.179
127.554  1.319
  0.768  0.231
 20.736  7.209
  8.064  1.262
 21.504  2.290
  6.144  8.136
144.896  3.367
  7.424  1.639
 42.433  2.888
  1.152  1.168
  0.192  0.143
112.386  1.086
 13.568  0.724
  0.960  0.272
106.754 14.373
 27.008  6.136
 26.112  5.655
  0.384  1.032
 47.105  2.573
  7.168  3.114
 14.336  0.923
 11.776  2.673
 48.897  2.828
 48.897  2.828
 20.480  4.762
  2.880  0.320
  4.160  0.692
  8.960  1.864
 69.889  5.724
 19.456  2.064
119.810  5.030
 21.248  3.167
 22.272  9.230
 51.969  2.560
 87.041  7.799
 82.817  2.318
 65.537  1.557
  0.384  0.181
 76.481  3.416
 23.744  0.802
 11.392  0.466
  3.712  0.724
 10.752  1.056
 13.760  1.229
  7.680  0.724
  9.088  1.680
  0.128  0.091
 27.520  6.192
  5.568  0.362
 46.592  2.318
 17.920  2.757
 11.008  0.320
123.458  1.747
 62.977 11.865
 14.848  1.145
  7.552  0.362
  0.192  0.143
108.610  8.816
 48.385  1.086
 56.321 18.461
212.992  1.950
 52.417 10.657
  0.192  0.202
 12.416  0.181
 15.296  4.610
 63.361  4.545
 59.905 10.014
  8.704  2.862
 68.417  3.167
 67.585  2.896
101.633  2.290
 39.424  0.572
  3.200  1.797
 19.328  0.286
 56.065  1.846
 38.401  3.093
 39.489  4.443
  0.832  0.320
 67.329  4.700
 36.864  0.923
 14.336  2.896
  1.152  2.244
 53.441 13.334
147.651  9.718
 76.609  1.559
 26.624  1.134
 26.624  1.056
 87.041  0.810
 52.736  1.810
  0.352  0.101
 25.472  3.525
 13.760  0.286
 55.553  7.638
  0.512  0.231
 15.616  2.611
  6.174  1.298
  2.752  3.089
 20.224  0.362
  6.976  0.572
  0.192  0.091
  5.952  0.143
  0.704  2.499
  3.840  0.590
  2.624  0.462
 44.800  3.367
  0.192  0.286
  0.208  0.172
 24.256  7.973
 37.505  0.905
  6.528  1.857
 93.954  5.221
450.569  2.360
  3.328  0.779
  8.960  1.379
 19.200  0.871
 98.050  4.128
 33.921  0.462
 10.688  0.842
  6.656  3.435
 13.568  6.023
 14.592 16.147
 11.008 10.546
 30.976  4.580
 24.576  0.923
 21.184  0.977
 37.376  2.360
113.664  2.360
 50.177  2.111
  1.984  1.925
 15.552  1.866
604.491 11.676
  0.192  0.091
  0.192  0.091
  8.701  0.571
 87.810 13.662
 12.992  2.010
 27.648  3.566
111.106  3.692
 27.073  0.916
 12.480  5.018
 42.945  8.035
  4.352  0.362
  8.128  1.866
 18.368  0.590
 23.040  5.177
  0.576  0.181
 49.725  1.379
  0.768  0.231
 21.888  0.889
 62.976  3.874
 35.137  3.974
 42.561  3.664
 15.616  2.757
  2.816  0.320
  1.984  2.049
  0.576  0.465
 19.520  5.367
 23.040  0.572
102.530  1.485
  0.256  0.834
  9.216  6.720
 22.528  2.769
 10.624 12.673
 99.074  3.328
 86.018  6.988
  3.520  0.453
122.114  1.280
136.195 27.553
 32.513  2.862
  1.920  2.375
 14.848  2.290
  0.128  0.091
 15.360  3.874
 17.728  6.492
  0.192  0.264
 29.184  5.655
 21.376  0.923
  3.773  0.270
  2.496  0.202
  0.192  0.143
 29.185  5.813
 59.712  4.955
 23.552  1.032
  0.256  0.091
 67.329  6.988
 12.992  1.925
 32.000 20.419
  6.400  1.086
  4.480  1.431
 67.072  4.720
  8.704  2.318
  0.960  1.002
 26.625  1.431
181.507 21.682
 19.008  2.782
  7.168  2.064
 16.128  2.187
  9.024  1.042
 12.864  2.099
 34.048  2.996
 35.584  2.290
 18.432  0.923
 37.121  0.231
 60.673  3.620
 17.920  2.064
  8.192  1.086
  7.104  1.619
  5.632  2.064
171.011 29.126
  0.384  0.143
 10.048  0.318
  5.120  0.453
 92.416  4.291
  5.888  2.919
  9.728  2.202
 22.016  4.700
  0.512  0.231
179.651  2.817
 26.497  2.073
  0.192  0.091
 52.545  1.856
 20.288  0.405
 47.489 10.849
 16.512  2.226
175.107  1.493
169.987  3.557
 12.544  7.389
 25.024  6.582
 95.810  2.382
129.602 10.230
 16.512  1.810
 21.376  1.891
 44.033  5.221
 31.169  4.017
 42.433  1.478
 11.136  1.145
 10.624  1.431
  2.112  1.134
  0.640  0.487
 55.808  1.810
 19.840  3.620
 30.464  0.810
 29.632  4.482
  5.440  0.604
 62.913  3.929
 35.326  0.715
  1.472  1.974
184.579  3.238
 22.464  0.749
  3.328  0.810
 13.440  0.871
  8.192  2.862
 30.208  1.619
230.404  8.689
  0.576  0.181
  8.576  3.210
172.291 12.447
 37.377  0.979
  0.192  0.143
 96.002  1.319
 51.841  8.518
123.906  5.515
  1.024  0.202
  0.192  0.143
 29.184  1.086
  0.832  0.373
 22.016  5.568
214.404  5.917
  0.128  0.143
 81.793  1.218
100.098  1.527
  7.616  0.529
 35.584  5.126
  5.632  2.064
 14.848  3.665
  5.952  1.507
  2.432  1.356
 32.640  1.864
 38.656  8.002
  1.600  0.854
  3.072  3.114
 21.824  1.305
  7.165  1.055
  1.280  0.905
114.690  3.238
146.434  4.971
 23.808  2.769
165.378  2.896
 10.240  1.846
 63.873  8.776
 28.672  3.167
  6.592  0.771
  0.064  0.072
 58.430  6.426
  2.560  1.741
  0.384  0.091
 78.080  3.840
150.530  1.619
  7.424  0.923
 62.401  5.278
  2.045  0.229
 12.544  1.810
  8.960  2.187
  3.328  1.846
 84.993  0.724
  0.576  0.389
 94.977  2.767
  8.704  0.389
 40.193 11.986
 22.272  3.338
 11.520  1.145
110.594  2.828
  5.376  2.187
 13.824  0.724
  5.632  1.999
  7.936  3.367
 12.800  2.111
 86.017  8.689
 49.601  2.975
  4.352  0.923
 51.713  5.838
  9.024  0.362
 32.256  0.572
 37.888  2.611
  8.192  2.360
  4.608  1.305
  0.320  0.143
  7.168  2.290
  9.984  1.448
161.027  7.836
  8.960  1.846
 65.025  6.165
 36.352  2.318
 15.360  0.572
449.415  1.410
500.552  7.408
  3.840  0.362
 47.872  1.950
120.770 12.237
  1.536  2.360
 76.801  8.256
 20.224  2.828
 14.336  1.846
  0.256  0.091
  1.344  1.802
 95.746  4.375
  0.384  0.462
  3.328  2.862
 31.232  1.619
 43.520  6.676
  1.280  0.572
375.814  8.444
  9.472  2.996
 82.944  1.717
 12.288  0.572
  0.576  0.820
 50.177  1.639
  0.640  0.607
103.938  0.724
 43.837  1.747
 29.440  4.471
 60.672  7.322
  8.192  1.493
  0.384  0.143
  0.576  0.143
  4.864  2.769
112.639  7.455
 18.432  3.665
  0.128  0.091
  7.936  5.938
 34.813  5.837
 61.441  3.727
  0.192  1.478
  2.048  0.951
 13.568  7.030
 45.057  1.950
  6.656  1.145
  2.240  2.084
 11.520  3.665
  1.917  0.551
 51.009  1.775
 72.449  4.048
 31.745  2.187
 56.065  5.497
  1.728  1.680
 44.737  0.889
 25.601  3.416
 18.688  8.719
 81.217 35.377
 95.488  1.639
153.347  2.573
 28.865  3.088
 23.614  0.572
  3.584  1.493
235.523  8.256
253.956  2.049
123.394  6.476
 35.521  3.612
183.555 24.406
 51.456  6.955
  2.304  2.538
 72.448  9.051
 43.264  1.639
 34.561  2.360
205.828  1.864
 28.417  9.793
 17.856  0.810
  5.376  2.202
  4.800  0.923
 12.160  4.971
 47.360  2.187
  0.384  1.478
  8.192  0.870
 28.673  6.720
  6.400  3.238
158.720  2.290
 12.288  1.639
 37.888  2.290
  7.680  4.944
  5.632  0.916
  0.064  0.036
 34.305  1.639
  0.320  0.810
 60.672 11.611
 33.024  8.738
 13.056  1.846
 14.080  0.923
  1.728  0.653
 18.432  2.187
 25.600  6.869
 44.481  2.834
 17.152  2.360
  5.693  0.362
 38.336  2.509
 19.520  1.498
  2.304  3.444
  6.400  1.639
  2.944  2.199
 14.464  1.094
 15.336  1.446
 31.232  5.049
 30.720 10.764
 36.097  1.846
141.315 29.767
  3.200  0.951
  2.368  1.270
 35.649  1.461
  9.024  0.091
  0.128  0.143
 61.952  1.379
  8.064  1.368
 23.552  1.950
 20.733  4.636
 54.272  2.172
166.146  0.810
  0.128  0.516
 40.449  0.923
  0.320  0.453
  0.672  1.120
356.357  4.345
101.634  2.919
  5.632  0.181
 32.513  1.717
  7.936  1.145
  4.096  0.545
 68.864  2.757
  0.640  0.779
  5.888  1.639
  0.576  1.810
 23.040  0.362
 23.040  0.362
 12.288 11.337
  6.141  0.809
 28.160  2.673
 27.136  1.950
 58.112  2.828
 44.544  2.611
  0.448  0.528
 69.633  5.526
  0.512  0.091
 45.825  1.810
 34.817  4.636
 38.656  2.360
 52.206 13.350
 82.689  3.083
  1.536  1.056
  9.984  4.471
 33.024  2.896
 43.521  2.862
 40.193  3.874
 12.544  2.611
163.843 11.406
 89.601  4.291
 70.401  0.773
  3.520  4.948
 35.584  1.846
 26.881  0.572
  6.400  1.145
 61.694 18.690
 34.369  5.736
  6.720  1.619
  0.192  0.036
 19.200  0.923
 12.032  4.382
 73.217 14.612
 16.896  6.339
 33.216  4.007
 24.061  0.722
 43.201  0.405
  5.376  1.493
 22.720  1.604
  7.168  1.747
  0.112  0.072
 90.369  0.810
 11.200  0.602
 21.822  0.572
 73.473 11.404
 14.336  2.721
 20.224  1.056
 29.952 10.608
  0.704  0.231
408.582  2.290
 28.416  2.919
 33.856  1.811
  7.485  0.572
  0.384  0.326
186.883  2.986
 28.416  0.923
 12.544  4.615
 11.264  3.727
 22.784  3.114
  5.949  0.572
 67.073  3.916
 16.384  6.149
 11.264  7.331
 76.607  9.220
 62.465  0.231
 51.073  3.389
 44.673  7.534
 98.881  3.138
 22.528  5.620
 28.672  2.429
341.254  2.288
 83.905  3.853
 51.457  4.128
 20.480  5.479
 23.936  2.550
 20.736  1.639
  8.960  4.352
  1.792  1.993
 35.073  3.974
  9.728  0.810
160.771  5.221
149.507 10.691
 40.705  1.810
 17.664  0.345
 46.398 11.279
 75.265  1.280
148.226  1.925
  5.120  0.572
 37.889  5.431
  0.384  1.361
 16.640  1.056
 30.720  3.093
 42.496  4.128
 20.736  4.221
 82.433  8.444
  8.704  2.111
 52.993  0.923
 18.560  2.988
  1.472  0.771
 20.736  0.724
  7.936  1.145
 92.737  3.319
 11.072  0.410
  8.192  1.864
 29.697  1.810
  0.192  0.707
 68.609  2.896
  1.792  1.846
 51.712  2.202
 11.968  6.426
  0.320  0.181
 43.520  0.572
 12.032  0.923
 77.185  0.810
  4.864  2.757
  9.664  6.457
  0.192  0.091
 15.360  1.639
 22.016  2.673
  0.576  0.143
 23.808  1.717
 98.626  2.970
  8.960  3.114
 19.008  2.548
 16.896  3.974
 55.553  5.684
 22.016  6.734
  0.768  1.145
 40.961  4.345
 83.777  0.500
 39.041  5.101
 27.136  7.186
  0.320  0.143
 74.753  8.749
  2.944  0.979
 99.842  2.111
 28.160  1.557
 12.736  1.145
  0.128  0.072
 28.417  8.204
 20.224  2.769
 22.528  2.202
 23.040  0.143
 38.656  3.114
 76.801  5.515
  2.752  1.569
 43.264  5.804
 37.825 12.586
 17.152  2.111
 55.297  6.229
 41.728  1.557
 16.384  1.493
 32.256  6.481
 18.432  3.727
 37.121 11.876
 16.701  1.881
  1.280  0.689
  3.072  0.362
 27.777  0.694
  3.584  1.379
 38.913  7.455
 10.240  2.429
 49.089  0.429
  0.576  0.272
  9.472  3.338
  1.344  0.264
  0.864  0.577
  9.216  0.724
 13.824  3.328
  5.888  2.862
  2.624  0.300
256.260  5.221
  8.128  0.429
 21.248  1.639
  1.088  0.143
 29.440  5.382
 14.336  2.360
 60.929  3.093
 29.184  4.222
 14.592  3.916
 52.993  0.572
 19.712  1.717
 17.408  0.810
 80.384 16.927
  1.600  0.779
  9.984  1.055
  5.376  0.572
 25.600  1.557
 13.312  3.167
  1.280  1.086
 26.624  0.362
 72.448  7.832
  4.352  0.724
  0.448  0.091
 11.776  1.810
  0.256  1.319
 29.697  1.056
 16.384 10.367
 20.224  0.810
  4.288  1.935
  1.088  1.180
 38.912  1.493
  9.728  3.566
101.182  4.871
 12.544  4.128
  0.960  0.264
 12.544  1.717
 25.600  4.419
254.913  4.222
  2.880  0.181
 30.973  3.620
  5.632  0.572
 22.784  1.999
  1.664  0.968
 15.360  1.619
 14.592  2.172
 41.985  2.673
  5.760  0.779
  2.304  1.379
  0.704  1.404
 62.465  3.908
 45.249  2.940
 18.176  1.350
 23.808  0.923
  0.960  0.202
  5.760  1.356
 91.134  4.222
 28.160  8.039
  0.704  0.466
 43.649  1.002
 16.384  5.177
 77.054  1.810
 25.344  7.186
  0.384  0.345
 10.496  5.615
 12.032  3.278
 18.112  1.086
  0.960  1.611
 24.832  3.840
  1.792  0.810
 49.921  1.639
 63.232  7.886
  0.256  0.453
  0.048  0.484
 17.600  1.820
 47.616 12.299
  0.960  0.960
  0.640  0.160
271.364  4.580
  7.424  0.571
  0.704  1.026
  1.024  1.451
 35.073  4.924
 64.513  3.083
 77.568  2.187
  8.960  1.379
 40.960  4.238
 27.328  0.958
131.840  1.056
 44.033  0.724
 87.552  3.874
 22.528  5.431
 13.824  3.435
 29.696  3.083
 24.960  3.958
237.056  4.104
 75.009  3.114
  0.896  1.280
 10.496  1.639
100.481  6.623
 32.768  2.429
 25.472  2.612
479.239 23.752
  1.856  1.296
 26.624  1.557
  0.448  0.091
 14.336  6.557
  0.896  1.032
  0.192  0.272
 36.864  4.672
  0.160  0.113
 66.304  1.379
107.522  9.159
  1.536  0.842
111.618  7.241
  5.056  2.127
 16.064  3.649
  0.896  0.231
 49.665  4.382
  0.384  0.547
195.587 16.795
  5.760  1.778
 46.849  2.611
 66.945  2.988
112.066 10.419
 22.016  1.833
 33.792  1.379
130.050  3.566
 10.240  4.048
  0.576  1.318
  5.888  0.923
  1.280  1.493
 52.993  0.810
118.018  0.362
 21.248  1.810
 20.480  1.305
 28.160  4.382
  5.632  1.145
182.275 19.777
  4.288  1.833
 60.161  3.482
  3.072  2.064
  1.536  0.572
 96.768  3.556
141.568  3.665
  3.456  0.345
 65.793  4.382
  0.448  0.091
  0.576  0.979
 14.336  7.907
  0.512  0.181
166.915  3.692
 11.008  2.360
 15.808  0.572
242.436  4.404
  2.048  1.379
 59.137  7.241
 22.144  2.919
  1.280  1.358
 95.490  2.611
  0.832  0.590
331.782  4.048
 33.277  0.808
  2.304  0.429
  8.704  0.724
125.439  0.724
  7.936  0.572
102.338 31.849
 42.497  1.999
  0.256  0.842
 49.857  2.099
 12.864  4.844
  0.640  0.405
 17.344  0.923
 17.152  1.999
  2.816  0.231
 12.800  3.238
  5.632  1.717
  8.960  1.864
  9.216  2.560
828.672 11.363
  5.120  0.810
 38.913  2.290
 11.005  0.724
 58.497  0.820
 23.037  1.810
 32.768  5.152
 26.368  3.593
 11.264  1.379
 70.401  0.572
  8.960  1.208
 35.328  1.846
  2.048  1.557
  8.704  1.846
 13.568  1.846
 66.816  6.085
 78.848  2.636
 21.568 14.999
178.691  1.145
 22.020  1.450
 19.456  2.721
  0.144  0.804
147.459  1.145
  0.192  0.091
 11.264  1.950
 91.586 12.332
 41.472  2.360
  9.790  0.408
 15.360  6.557
 96.768  5.443
 13.760  1.639
143.746 13.029
 58.113  1.557
 12.992  1.280
  6.592  0.345
 14.848  2.202
 37.121  3.665
168.003  2.172
  1.536  1.405
 96.130  0.405
  6.400  0.810
 70.913  4.291
111.106  2.986
 15.421  0.407
 67.841  2.862
 23.296  4.382
 25.600  1.557
118.528 15.691
120.578  5.515
  0.384  0.091
 63.488  1.846
 16.000  2.561
142.851  2.360
121.088  1.448
352.768  2.111
 56.320  2.862
  0.640  0.453
  6.912  0.724
 31.233  0.724
 13.824  1.379
 22.784  5.838
  3.328  1.493
 34.561  2.573
  0.960  1.729
  7.936  1.305
 88.832  3.444
  2.560  1.619
 32.000  9.137
  9.216  3.665
 26.112  1.056
  3.072  2.429
  0.192  0.425
169.472  2.560
104.962  8.809
 38.913  2.111
 27.329  5.101
 13.824  5.278
 62.209  1.145
138.242  3.238
 24.320  0.362
  3.328  2.064
  0.880  0.910
  0.384  0.181
 73.217  2.111
 50.241  8.009
 60.160  5.938
 24.320  3.593
 31.488  2.673
 29.440  4.261
 17.408  3.435
  0.256  0.091
 20.480  5.120
  2.560  0.572
 33.280  1.280
  4.096  2.573
 48.577  0.916
 27.904  3.367
 17.920  1.448
  5.376  0.923
 27.776  1.438
 66.304  6.700
 55.553  1.864
 58.621  1.863
 26.880  0.923
 24.128  0.410
 52.225  0.724
  5.376  1.498
191.491  2.862
 21.760  1.639
 66.816  6.700
  7.424  6.192
 10.240  0.653
  9.280  1.972
 21.760  6.763
  0.768  0.630
 14.592  4.404
  0.960  0.429
 29.440  0.724
 44.544  3.665
 22.272  0.923
  7.680  2.560
 42.241  1.863
 13.824  5.152
  1.728  0.771
 28.160  0.572
 35.840  1.717
 21.504  1.619
  0.512  0.143
 17.152  0.572
 20.224  1.729
  1.600  0.143
 58.881  6.192
 16.384  4.128
  6.400  0.572
  0.128  0.528
  0.128  1.118
 76.545  3.083
 14.077  3.114
 47.873  1.145
 91.136 10.801
  0.768  0.389
 55.296  3.125
 48.640  3.874
199.172  5.221
 81.408  5.184
  2.304  1.379
  8.192  2.064
  6.656  0.860
 12.992  0.871
 27.904  1.999
  0.064  0.258
  7.616  1.145
  0.960  0.091
  0.256  0.898
 44.801 10.780
 11.264  1.145
236.292  0.810
 37.889  1.056
 36.864  6.229
 25.344  3.183
 82.689  4.536
 87.041  1.145
136.450  0.923
  3.904  0.842
  6.656  1.619
 83.968  7.455
 36.352  1.717
 24.832  0.810
 68.608  7.241
 21.248  1.305
 11.264  7.209
  8.192  2.769
  3.136  2.691
 66.048 30.551
 33.792  7.322
  0.512  0.143
  0.960  0.143
 80.897  3.665
 17.408  4.382
 37.120  7.534
  1.792  3.167
  6.400  2.429
215.555  1.810
265.477  3.338
132.994  1.236
  2.304  0.487
 55.040  1.379
  1.152  0.590
  0.128  0.389
 41.984  5.120
 36.349  3.367
 77.057  2.996
  3.200  0.091
 30.208  4.636
 39.936 12.331
  2.240  1.145
 17.664  3.258
 45.312  5.538
 17.152  0.572
 14.336  3.238
104.449  7.241
 50.944  5.976
 53.248  3.665
 27.392  5.431
  7.424  0.604
 62.976  7.886
112.642  0.462
 14.592  3.999
 18.176  0.572
 27.328  1.294
 60.545  1.417
 93.954  4.419
 85.249  4.382
 34.816  0.810
 23.040  0.810
  3.136  0.716
  3.008  2.159
  0.128  0.353
 59.648  8.964
 18.176  0.724
 15.104  5.049
  1.984  0.543
 19.968  7.748
 86.018  2.111
 29.952  1.056
 13.568  1.145
  4.096  3.125
 44.800  4.971
  7.424  4.720
 80.065  0.871
 23.040  2.360
 19.262  3.598
  0.768  1.924
  9.216  1.145
  9.216  1.145
 12.992  0.231
  3.072  1.056
 49.152  4.352
 31.232  0.572
  3.648  0.091
188.417  1.448
  1.088  0.466
  0.576  0.716
 33.024  7.241
 91.393  2.360
  0.704  0.773
  3.328  2.560
  9.472  1.619
  0.768  0.345
 81.152  6.582
 12.032  5.278
 68.864  2.985
  4.608  2.360
 14.909  1.072
 10.496  1.950
 90.112  2.202
  3.584  1.864
121.538  5.838
 75.776  2.290
  0.128  0.707
 71.168  8.798
146.690  4.419
 27.264  1.243
  1.408  0.264
  3.456  0.724
 18.624  0.716
  2.432  0.590
 27.136 14.082
 53.505  5.684
  6.080  0.464
 77.056  2.996
 17.408  2.064
  2.304  2.111
 17.152  1.846
 17.152  9.073
 67.584  5.655
 31.232  8.719
232.708  1.145
 51.713  0.810
 12.032  1.846
 14.912  1.619
 14.336  5.684
 72.193  8.764
 50.369  1.448
  2.304  1.527
 10.496  2.111
111.426  3.027
 11.520  7.286
  4.160  0.653
  0.064  0.295
 21.504  0.810
 34.049 10.509
  0.320  0.630
 84.992  5.910
 26.624  0.326
 22.784  1.864
 39.936  3.874
109.312  3.415
 37.120  4.291
  7.680  3.367
 25.600  2.202
 31.744  1.280
361.472  9.882
 95.233 11.585
 37.568  3.535
 13.312  7.131
  0.320  0.286
  9.216  1.639
 26.368  5.615
  0.256  0.630
 22.144  5.186
 20.096  0.916
 64.128  2.005
 44.288  0.231
 19.456  2.290
 50.433  8.464
  1.408  0.889
 59.136  1.379
147.970  2.360
 17.152  2.111
 38.144  1.145
 22.016  5.425
 18.941  1.618
  0.704  0.466
 47.616  2.721
 46.592  3.328
 11.550  3.595
 19.200  0.362
 79.104  1.379
  0.064  0.834
 13.568  0.572
138.242 13.469
  0.512  0.320
 22.784  2.064
 71.681  7.371
  6.400  3.874
  0.960  0.716
 36.865  1.143
134.144  7.455
 38.913  8.483
  0.512  0.821
  2.816  0.810
  0.448  0.516
 45.825 12.130
  6.400  0.810
111.104  3.999
  0.096  0.093
  1.792  1.056
  7.424  2.611
 12.544  3.665
 75.520  3.849
 63.745  2.769
 25.088  3.328
  6.912  0.923
 83.969  2.996
 26.880  1.557
 43.776  2.721
 69.633 21.549
156.416  7.940
  0.384  0.091
 11.520  4.636
 80.896 21.601